 2041 
 2033 
 2024 
 2016 
 2008 
 1999 
 1991 
 1983 
 1974 
 1966 
 1958 
 1949 
 1941 
 1933 
 1924 
 1916 
 1908 
 1899 
 1891 
 1883 
 1874 
 1866 
 1858 
 1849 
 1841 
 1833 
 1824 
 1816 
 1808 
 1799 
 1791 
 1783 
 1774 
 1766 
 1758 
 1749 
 1741 
 1733 
 1724 
 1716 
 1708 
 1699 
 1691 
 1683 
 1674 
 1666 
 1658 
 1649 
 1641 
 1633 
 1624 
 1616 
 1608 
 1599 
 1591 
 1583 
 1574 
 1566 
 1558 
 1549 
 1541 
 1533 
 1524 
 1516 
 1508 
 1500 
 1491 
 1483 
 1475 
 1466 
 1458 
 1450 
 1441 
 1433 
 1425 
 1416 
 1408 
 1400 
 1391 
 1383 
 1375 
 1366 
 1358 
 1350 
 1341 
 1333 
 1325 
 1316 
 1308 
 1300 
 1291 
 1283 
 1275 
 1266 
 1258 
 1250 
 1241 
 1233 
 1225 
 1216 
 1208 
 1200 
 1191 
 1183 
 1175 
 1166 
 1158 
 1150 
 1141 
 1133 
 1125 
 1116 
 1108 
 1100 
 1091 
 1083 
 1075 
 1066 
 1058 
 1050 
 1041 
 1033 
 1025 
 1016 
 1008 
 1000 
 992 
 984 
 977 
 969 
 961 
 954 
 946 
 938 
 930 
 923 
 915 
 907 
 900 
 892 
 884 
 877 
 869 
 861 
 854 
 846 
 838 
 831 
 823 
 815 
 807 
 800 
 792 
 784 
 777 
 769 
 761 
 754 
 746 
 738 
 731 
 723 
 715 
 707 
 700 
 692 
 684 
 677 
 669 
 661 
 654 
 646 
 638 
 631 
 623 
 615 
 608 
 600 
 592 
 584 
 577 
 569 
 561 
 554 
 546 
 538 
 531 
 523 
 515 
 508 
 500 
 492 
 484 
 477 
 469 
 461 
 454 
 446 
 438 
 431 
 423 
 415 
 408 
 400 
 392 
 384 
 377 
 369 
 361 
 354 
 346 
 338 
 331 
 323 
 315 
 308 
 300 
 292 
 285 
 277 
 269 
 261 
 254 
 246 
 238 
 231 
 223 
 215 
 208 
 200 
 192 
 185 
 177 
 169 
 161 
 154 
 146 
 138 
 131 
 123 
 115 
 108 
 100 
 92 
 85 
 77 
 69 
 62 
 54 
 46 
 38 
 31 
 23 
 15 
 8 
 0 
