-275
-270
-260
-255
-245
-240
-235
-225
-220
-215
-205
-200
-195
-185
-180
-175
-170
-160
-155
-150
-140
-135
-130
-125
-115
-110
-105
-95
-90
-85
-80
-75
-65
-60
-55
-50
-40
-35
-30
-25
-20
-10
-05
00
05
10
20
25
30
35
40
45
55
60
65
70
75
80
85
95
100
105
110
115
120
125
130
140
145
150
155
160
165
170
175
180
185
190
200
205
210
215
220
225
230
235
240
245
250
255
260
265
270
275
280
285
295
300
305
310
315
320
325
330
335
340
345
350
355
360
365
370
375
380
385
390
395
400
405
410
415
420
425
430
435
435
440
445
450
455
460
465
470
475
480
485
490
495
500
505
510
515
520
525
530
535
535
540
545
550
555
560
565
570
575
580
585
590
590
595
600
605
610
615
620
625
630
635
640
640
645
650
655
660
665
670
675
680
680
685
690
695
700
705
710
710
715
720
725
730
735
740
745
745
750
755
760
765
770
775
775
780
785
790
795
800
800
805
810
815
820
825
825
830
835
840
845
850
850
855
860
865
870
870
875
880
885
890
895
895
900
905
910
915
915
920
925
930
935
935
940
945
950
955
955
960
965
970
975
975
980
985
990
990
995
1000

