  0
  0
  10
  30
  50
  80
 100
 100
 100
 100
 110
 110
 110
 120
 130
 140
 150
 160
 170
 180
 190
 200
 200
 220
 230
 240
 250
 270
 290
 300
 330
 350
 380
 400
 430
 450
 470
 490
 510
 530
 550
 570
 590
 610
 630
 700
 750
 850
 980
 1150
 1300
 1500
 1700
 1900
 2600
 3200
 4100
 4500
 4700
 5200
 5700
 6400
 7300
 8000
 8400
 8900
 9300
 9700
 10000
 10500
 10800
 11000
 11200
 11400
 11700
 11900
 12300
 12400
 12600
 12800
 13100
 13700
 14300
 14900
 15300
 15900
 16600
 17000
 17500
 18000
 18500
 19000
 19600
 20100
 20800
 21400
 22000
 22700
 23300
 23900
24500
25100
25900
26500
27000
27600
28200
28800
29400
30000
30600
31200
31800
32500
33100
33700
34300
35000
35600
36200
36800
37500
38100
38700
39300
40000
40500
41000
41500
42000
42500
43000
43500
44000
44500
45000
45500
46000
46500
47000
47500
48000
48500
49000
49500
50000
50300
50600
50900
51200
51500
51800
52100
52400
52700
53000
53300
53600
53900
54200
54500
54800
55100
55400
55700
56000
56300
56600
56900
57200
57500
57800
58100
58400
58700
59000
59300
59600
59900
60200
60500
60800
61100
61400
61700
62000
62300
62600
62900
63200
63500
63800
64100
64400
64700
65000
65300
65600
65900
66200
66500
66800
67100
67400
67700
68000
68300
68600
68900
69200
69500
69800
70100
70400
70700
71000
71300
71600
71600
71900
72200
72500
72800
73100
73400
73700
74000
74000
74300
74600
74900
75200
75500
75800
76100
76400
76700
77000
77300
77600
77900
78200
78500
78800
79100
79400
79700
80000
80300
80600
80900
81200
81500
81800
82100
85000
