 0
 14
 20
 25
 29
 32
 35
 38
 41
 43
 46
 48
 50
 52
 54
 56
 58
 59
 61
 63
 64
 66
 68
 69
 71
 72
 73
 75
 76
 78
 79
 80
 81
 83
 84
 85
 86
 88
 89
 90
 91
 92
 93
 94
 96
 97
 98
 99
 100
 101
 102
 103
 104
 105
 106
 107
 108
 109
 110
 111
 112
 112
 113
 114
 115
 116
 117
 118
 119
 120
 120
 121
 122
 123
 124
 125
 126
 126
 127
 128
 129
 130
 130
 131
 132
 133
 134
 134
 135
 136
 137
 137
 138
 139
 140
 140
 141
 142
 143
 143
 144
 145
 145
 146
 147
 148
 148
 149
 150
 150
 151
 152
 152
 153
 154
 154
 155
 156
 156
 157
 158
 158
 159
 160
 160
 161
 162
 162
 163
 164
 164
 165
 165
 166
 167
 167
 168
 169
 169
 170
 170
 171
 172
 172
 173
 173
 174
 175
 175
 176
 176
 177
 178
 178
 179
 179
 180
 180
 181
 182
 182
 183
 183
 184
 184
 185
 186
 186
 187
 187
 188
 188
 189
 189
 190
 190
 191
 192
 192
 193
 193
 194
 194
 195
 195
 196
 196
 197
 197
 198
 198
 199
 200
 200
 201
 201
 202
 202
 203
 203
 204
 204
 205
 205
 206
 206
 207
 207
 208
 208
 209
 209
 210
 210
 211
 211
 212
 212
 213
 213
 214
 214
 215
 215
 216
 216
 216
 217
 217
 218
 218
 219
 219
 220
 220
 221
 221
 222
 222
 223
 223
 224
 224
 224
 225
 225
 226
 226
 227
 227
 228
 228
 229
 229
 229
 230
